start=2292.256633
volume=106.000000
